%YAML:1.0
---
CameraExtrinsicMat: !!opencv-matrix
   rows: 4
   cols: 4
   dt: d
   data: [2.220446049250e-16, 0.000000000000e+00, 1.000000000000e+00, -2.499999955297e+00, -1.000000000000e+00, 2.220446049250e-16, 2.220446049250e-16, 6.999999880791e-01, -2.220446049250e-16, -1.000000000000e+00, 1.232595164408e-32, 1.000000059605e+00, 0.000000000000e+00, 0.000000000000e+00, 0.000000000000e+00, 1.000000000000e+00]
CameraMat: !!opencv-matrix
   rows: 3
   cols: 3
   dt: d
   data: [1.158033737075e+03, 0.000000000000e+00, 9.600000000000e+02, 0.000000000000e+00, 1.158033737075e+03, 5.400000000000e+02, 0.000000000000e+00, 0.000000000000e+00, 1.000000000000e+00]
DistCoeff: !!opencv-matrix
   rows: 1
   cols: 5
   dt: d
   data: [0., 0., 0., 0., 0.]
ImageSize: [1920, 1080]
ReprojectionError: 0.